2455813.485
2455816.358
2455804.522
2455822.481
2455814.484
2455815.51
2455804.503
2455815.495
2455814.233
2455822.41207
2455813.479
2455822.47525
2455807.503
2455822.41016
2455822.46185
2455822.44845
2455822.48291
2455813.372
2455814.254
2455814.461
2455815.479
2455815.473
2455804.509
2455804.512
2455804.52
2455814.509
2455822.45994
2455813.452
2455804.448
2455815.487
2455804.456
2455813.375
2455804.433
2455814.495
2455815.23
2455822.41399
2455804.477
2455804.514
2455813.481
2455814.463
2455804.487
2455804.529
2455814.239
2455804.458
2455804.466
2455804.474
2455804.523
2455813.354
2455813.471
2455814.455
2455814.482
2455822.42355
2455822.44462
2455804.526
2455814.319
2455820.486
2455821.47269
2455807.484
2455814.363
2455815.46
2455834.43479
2455804.455
2455804.473
2455804.479
2455804.485
2455804.493
2455815.506
2455816.494
2455804.429
2455804.492
2455804.507
2455814.353
2455804.51
2455806.519
2455807.497
2455813.287
2455814.342
2455814.507
2455816.402
2455820.444
2455822.45611
2455804.413
2455813.305
2455814.327
2455815.32
2455815.458
2455815.466
2455815.504
2455816.492
2455846.331
2455813.312
2455814.346
2455815.399
2455815.439
2455804.417
2455804.502
2455813.425
2455814.26
2455814.388
2455814.466
2455814.468
2455815.477
2455816.487
2455822.35084
2455834.44053
2455804.275
2455804.464
2455804.483
2455804.506
2455806.477
2455807.442
2455813.45
2455814.449
2455814.491
2455815.305
2455816.496
2455834.31416
2455804.395
2455804.451
2455804.513
2455806.441
2455813.299
2455813.318
2455815.301
2455815.408
2455815.47
2455804.501
2455804.508
2455806.247
2455806.424
2455807.332
2455807.493
2455813.293
2455813.329
2455814.359
2455814.361
2455815.441
2455816.502
2455821.43804
2455834.41181
2455839.289
2455846.234
2455804.351
2455804.411
2455804.436
2455804.452
2455804.457
2455804.469
2455804.488
2455804.515
2455806.366
2455813.446
2455814.365
2455814.499
2455816.238
2455816.312
2455816.454
2455816.466
2455816.473
2455822.37572
2455822.41781
2455822.47333
2455837.30819
2455846.274
2455804.424
2455806.447
2455806.456
2455807.49
2455814.409
2455815.307
2455815.347
2455815.485
2455821.41125
2455821.44953
2455822.3738
2455822.42547
2455834.43862
2455804.269
2455804.408
2455804.435
2455804.437
2455804.446
2455804.465
2455804.499
2455804.5
2455806.37
2455806.404
2455814.411
2455815.437
2455815.449
2455815.475
2455815.496
2455822.36997
2455834.3984
2455834.40606
2455837.28713
2455839.414
2455846.268
2455846.27
2455804.403
2455804.47
2455806.473
2455807.288
2455813.322
2455813.362
2455814.273
2455816.259
2455816.469
2455834.35819
2455834.42522
2455837.28522
2455839.266
2455804.39
2455804.392
2455804.393
2455804.396
2455804.405
2455804.453
2455804.481
2455804.532
2455806.316
2455806.5
2455807.338
2455813.27
2455813.32
2455813.41
2455814.283
2455814.415
2455815.234
2455815.24
2455815.372
2455815.447
2455816.444
2455820.44
2455821.44762
2455822.41973
2455834.24699
2455834.31797
2455834.3199
2455837.27373
2455804.243
2455804.337
2455804.354
2455804.389
2455804.407
2455804.418
2455804.425
2455804.455
2455804.471
2455806.41
2455806.422
2455807.407
2455813.412
2455814.348
2455814.47
2455815.244
2455815.259
2455815.334
2455815.464
2455816.328
2455816.431
2455822.36039
2455822.46568
2455822.47716
2455834.2355
2455834.24316
2455834.32181
2455834.39458
2455834.41947
2455837.33692
2455837.36756
2455804.358
2455804.36
2455804.368
2455804.38
2455804.384
2455804.409
2455804.461
2455804.524
2455806.268
2455806.374
2455806.431
2455806.508
2455807.451
2455807.48
2455813.301
2455813.418
2455814.43
2455815.355
2455816.324
2455816.376
2455816.45
2455820.467
2455821.25777
2455821.33244
2455821.34201
2455821.36499
2455821.39212
2455821.45527
2455822.27046
2455822.28578
2455822.3872
2455822.44653
2455834.23933
2455834.24124
2455834.27572
2455837.25266
2455837.26032
2455837.30627
2455837.32351
2455837.36181
2455837.38287
2455837.39436
2455839.381
2455804.246
2455804.277
2455804.28
2455804.283
2455804.387
2455804.416
2455804.426
2455804.44
2455804.507
2455806.435
2455806.502
2455807.495
2455813.259
2455813.439
2455813.469
2455813.488
2455815.286
2455815.435
2455815.498
2455816.326
2455816.349
2455820.455
2455820.478
2455822.3451
2455822.35848
2455822.36806
2455822.40825
2455822.4427
2455834.25847
2455837.24692
2455837.25458
2455804.286
2455804.302
2455804.303
2455804.325
2455804.345
2455804.386
2455804.402
2455804.45
2455804.481
2455804.49
2455806.504
2455806.514
2455807.265
2455813.239
2455813.247
2455813.278
2455813.467
2455813.49
2455814.275
2455814.417
2455815.326
2455815.468
2455816.307
2455816.345
2455816.372
2455820.476
2455821.25203
2455821.27117
2455821.29988
2455821.31712
2455821.33435
2455822.26855
2455822.32788
2455822.43122
2455822.43505
2455834.22975
2455834.33713
2455834.35627
2455834.41373
2455837.29479
2455837.30053
2455837.30244
2455837.335
2455837.34266
2455839.342
2455846.218
2455804.26
2455804.294
2455804.309
2455804.332
2455804.348
2455804.356
2455804.381
2455804.41
2455804.449
2455804.454
2455804.462
2455804.476
2455804.48
2455804.486
2455806.358
2455806.385
2455806.479
2455807.242
2455807.438
2455814.33
2455814.396
2455814.457
2455815.337
2455816.291
2455816.4
2455816.456
2455816.464
2455816.498
2455816.5
2455820.428
2455820.434
2455821.27308
2455821.41508
2455821.45144
2455821.45336
2455822.2762
2455822.34701
2455822.36422
2455822.38529
2455822.42738
2455834.28529
2455834.38117
2455837.25075
2455839.262
2455839.304
2455839.327
2455846.295
2455846.299
2455846.327
2455846.333
2455804.339
2455804.353
2455804.359
2455804.37
2455804.373
2455804.399
2455804.404
2455804.412
2455804.415
2455804.497
2455804.505
2455804.525
2455806.341
2455806.452
2455806.494
2455807.246
2455813.276
2455814.401
2455814.476
2455815.236
2455815.452
2455815.462
2455816.27
2455816.414
2455816.416
2455816.481
2455816.485
2455820.39
2455820.492
2455821.24819
2455821.29413
2455821.37073
2455821.39594
2455821.42082
2455821.4765
2455822.24941
2455822.26089
2455822.38912
2455834.28146
2455834.29486
2455834.3006
2455834.3467
2455834.36394
2455834.3716
2455837.27756
2455804.306
2455804.31
2455804.314
2455804.343
2455804.432
2455804.442
2455804.443
2455804.447
2455804.475
2455804.489
2455804.518
2455806.255
2455806.278
2455806.322
2455806.437
2455806.45
2455813.238
2455813.285
2455813.398
2455813.404
2455813.433
2455813.444
2455814.304
2455814.407
2455815.251
2455815.311
2455815.456
2455816.276
2455820.484
2455821.26543
2455821.35925
2455821.40934
2455821.42273
2455822.29918
2455822.34894
2455822.43313
2455834.26613
2455834.27189
2455834.27955
2455834.28912
2455834.30443
2455834.32756
2455834.32947
2455834.35245
2455834.39075
2455834.40797
2455834.4367
2455837.26223
2455837.26606
2455837.3484
2455839.25
2455839.306
2455839.356
2455839.388
2455846.278
2455846.303
2455846.312
2455804.242
2455804.251
2455804.263
2455804.324
2455804.329
2455804.365
2455804.369
2455804.42
2455804.498
2455804.516
2455806.328
2455806.362
2455806.429
2455806.491
2455807.252
2455807.476
2455813.314
2455813.397
2455813.4
2455813.421
2455814.332
2455814.357
2455814.384
2455814.44
2455815.328
2455815.376
2455816.249
2455816.255
2455816.381
2455816.489
2455820.45
2455820.469
2455820.482
2455820.488
2455821.25394
2455821.29605
2455821.31903
2455821.40169
2455821.46484
2455821.46885
2455822.26663
2455822.28196
2455822.32022
2455834.224
2455834.26997
2455834.28337
2455834.29295
2455834.36586
2455837.22778
2455837.2584
2455837.28139
2455837.29096
2455837.31203
2455837.31586
2455837.34074
2455837.34457
2455837.39627
2455846.245
2455804.304
2455804.317
2455804.344
2455804.346
2455804.363
2455804.385
2455804.388
2455804.422
2455804.431
2455804.468
2455804.472
2455804.504
2455806.381
2455806.402
2455806.408
2455806.42
2455806.517
2455813.389
2455813.441
2455813.492
2455814.292
2455814.39
2455814.443
2455814.451
2455815.293
2455815.378
2455816.266
2455816.404
2455816.439
2455816.49
2455820.471
2455820.496
2455821.25586
2455821.34392
2455821.38446
2455821.40743
2455821.44188
2455821.47459
2455822.25898
2455834.21589
2455834.35053
2455834.36777
2455837.24883
2455837.30436
2455837.33883
2455839.252
2455839.385
2455846.247
2455804.248
2455804.253
2455804.311
2455804.346
2455804.423
2455804.459
2455806.36
2455806.418
2455806.464
2455806.496
2455807.262
2455807.292
2455813.261
2455813.28
2455813.284
2455813.383
2455813.454
2455814.258
2455814.49
2455814.493
2455815.268
2455815.312
2455816.251
2455816.253
2455816.278
2455816.33
2455816.374
2455820.367
2455820.453
2455820.463
2455820.49
2455821.25012
2455821.37264
2455821.3902
2455821.41317
2455821.43421
2455821.44378
2455822.25132
2455822.33171
2455822.42164
2455822.47909
2455834.24507
2455834.40223
2455834.4099
2455837.24118
2455837.32926
2455837.35032
2455837.37138
2455839.364
2455839.387
2455804.292
2455804.313
2455804.355
2455804.421
2455804.46
2455806.337
2455806.364
2455806.439
2455806.47
2455807.25
2455807.269
2455807.373
2455807.379
2455813.272
2455813.291
2455814.237
2455814.246
2455814.338
2455814.441
2455814.478
2455814.505
2455815.33
2455815.351
2455815.353
2455815.443
2455815.472
2455816.24
2455816.301
2455816.335
2455816.379
2455816.408
2455816.429
2455816.458
2455816.467
2455820.43
2455821.27882
2455821.28648
2455821.33627
2455821.43039
2455821.43613
2455821.44569
2455821.46101
2455822.32597
2455834.22017
2455834.2623
2455834.32373
2455837.21821
2455837.24501
2455837.25649
2455837.2967
2455837.3101
2455837.33309
2455837.35414
2455839.296
2455839.31
2455839.316
2455846.253
2455846.26
2455804.254
2455804.258
2455804.261
2455804.296
2455804.307
2455804.32
2455804.372
2455804.397
2455804.401
2455804.425
2455804.434
2455806.368
2455806.383
2455806.387
2455813.253
2455813.324
2455813.358
2455814.271
2455814.34
2455815.238
2455815.349
2455815.404
2455815.431
2455816.244
2455816.245
2455816.282
2455816.311
2455816.318
2455816.397
2455816.448
2455816.477
2455820.436
2455821.27499
2455821.36307
2455822.28387
2455822.29726
2455822.303
2455822.31449
2455822.32214
2455822.46951
2455834.25464
2455834.25656
2455834.30634
2455834.34479
2455834.37735
2455837.22396
2455837.23161
2455837.27565
2455837.29287
2455837.29861
2455837.4001
2455839.281
2455846.32
2455804.295
2455804.333
2455804.347
2455804.35
2455804.357
2455804.406
2455804.414
2455804.519
2455804.527
2455806.272
2455806.291
2455806.397
2455806.406
2455806.483
2455807.26
2455807.375
2455807.474
2455813.448
2455814.24
2455814.269
2455814.329
2455815.232
2455815.257
2455815.339
2455816.293
2455816.351
2455816.377
2455816.425
2455816.427
2455816.475
2455816.504
2455820.369
2455820.473
2455821.35733
2455821.37456
2455821.38255
2455822.25515
2455822.31066
2455822.31257
2455822.37189
2455822.37955
2455822.39103
2455834.33905
2455834.34288
2455834.42904
2455837.2297
2455837.31394
2455837.31777
2455837.33117
2455837.35606
2455837.36564
2455837.37521
2455837.37713
2455837.40201
2455839.254
2455839.312
2455839.337
2455839.358
2455839.391
2455839.406
2455839.408
2455839.41
2455846.222
2455846.301
2455804.249
2455804.293
2455804.3
2455804.327
2455804.328
2455804.394
2455804.4
2455804.467
2455804.482
2455804.484
2455804.491
2455804.495
2455804.533
2455806.263
2455806.445
2455806.454
2455806.475
2455807.413
2455807.415
2455807.434
2455807.453
2455813.249
2455813.266
2455813.395
2455813.406
2455813.475
2455814.434
2455815.341
2455816.332
2455816.337
2455816.395
2455816.423
2455820.415
2455820.426
2455820.432
2455820.442
2455820.497
2455821.28456
2455821.30372
2455821.3803
2455821.4036
2455822.30492
2455822.35466
2455822.36231
2455822.4159
2455834.26422
2455834.30251
2455834.36969
2455837.26416
2455837.2699
2455837.27182
2455837.3599
2455837.38096
2455839.352
2455839.415
2455846.23
2455846.272
2455846.282
2455846.322
2455804.259
2455804.267
2455804.319
2455804.336
2455804.375
2455804.382
2455804.383
2455804.428
2455804.444
2455804.463
2455804.517
2455806.267
2455806.318
2455806.332
2455806.334
2455806.349
2455806.393
2455806.401
2455806.46
2455807.244
2455807.267
2455807.313
2455807.359
2455807.488
2455813.268
2455813.316
2455814.285
2455814.459
2455815.246
2455815.299
2455815.309
2455816.242
2455816.265
2455816.305
2455816.343
2455816.347
2455816.353
2455816.383
2455816.471
2455816.483
2455820.424
2455820.48
2455820.494
2455821.26925
2455821.29222
2455821.30755
2455821.31138
2455821.31521
2455821.36116
2455822.26472
2455822.27238
2455822.30109
2455822.31831
2455822.36613
2455834.25273
2455834.27763
2455834.29677
2455834.37543
2455834.37926
2455834.41564
2455834.44245
2455837.23544
2455839.293
2455839.335
2455839.377
2455846.251
2455846.308
2455804.262
2455804.273
2455804.282
2455804.294
2455804.298
2455804.316
2455804.335
2455804.379
2455804.445
2455804.478
2455804.511
2455806.293
2455806.307
2455807.279
2455807.321
2455807.386
2455807.465
2455807.492
2455813.241
2455813.326
2455814.248
2455814.29
2455815.247
2455815.249
2455815.429
2455816.314
2455816.37
2455816.443
2455816.462
2455820.422
2455820.459
2455820.461
2455821.30563
2455821.32286
2455821.37839
2455821.40551
2455821.41699
2455821.41891
2455821.43995
2455822.2475
2455822.27429
2455822.28003
2455834.23358
2455834.2489
2455834.26039
2455834.26806
2455834.2738
2455834.29103
2455834.31606
2455834.3601
2455837.23926
2455837.2833
2455837.34649
2455837.36373
2455837.36947
2455839.339
2455839.392
2455846.243
2455804.264
2455804.274
2455804.284
2455804.287
2455804.33
2455804.334
2455804.361
2455804.371
2455804.374
2455804.376
2455806.303
2455806.395
2455806.414
2455806.458
2455806.468
2455807.308
2455813.366
2455813.42
2455813.423
2455814.432
2455815.228
2455815.288
2455815.489
2455816.247
2455816.297
2455816.385
2455816.399
2455820.38
2455820.382
2455820.475
2455821.29031
2455821.34968
2455821.38637
2455821.38829
2455821.4323
2455822.25707
2455822.2877
2455822.29344
2455822.35657
2455822.38338
2455822.45036
2455834.22593
2455834.2872
2455834.32564
2455834.33139
2455834.33522
2455834.36203
2455839.369
2455846.236
2455846.28
2455846.289
2455804.241
2455804.276
2455804.285
2455804.315
2455804.338
2455804.341
2455804.378
2455804.391
2455804.419
2455804.438
2455806.249
2455806.282
2455806.343
2455806.443
2455806.449
2455807.239
2455807.271
2455807.331
2455807.472
2455813.243
2455813.402
2455814.256
2455814.277
2455814.367
2455814.392
2455814.413
2455815.263
2455815.36
2455816.257
2455816.299
2455816.433
2455816.46
2455820.413
2455821.25968
2455821.26351
2455821.28074
2455821.29796
2455821.33818
2455821.3669
2455821.39977
2455821.48225
2455822.24175
2455822.29152
2455822.30683
2455822.33745
2455822.42929
2455822.44079
2455834.4233
2455837.22013
2455837.26799
2455837.35223
2455837.35797
2455837.3733
2455837.39053
2455839.26
2455839.34
2455839.348
2455839.35
2455839.375
2455839.379
2455839.383
2455846.306
2455846.314
2455804.308
2455804.318
2455804.32
2455804.321
2455804.331
2455804.349
2455804.352
2455804.377
2455804.521
2455806.301
2455806.376
2455806.416
2455806.466
2455806.498
2455807.264
2455807.298
2455807.311
2455807.369
2455807.425
2455807.436
2455807.449
2455807.457
2455807.486
2455813.462
2455813.477
2455813.496
2455813.5
2455814.334
2455814.436
2455815.366
2455816.28
2455816.288
2455816.368
2455816.406
2455816.422
2455816.446
2455816.479
2455820.388
2455820.448
2455821.2616
2455821.28265
2455821.31329
2455821.32861
2455821.3401
2455822.24367
2455822.24558
2455822.28961
2455822.30875
2455822.33554
2455822.34319
2455822.38146
2455834.30826
2455834.3333
2455834.34862
2455834.40416
2455837.22204
2455837.22587
2455837.23735
2455837.31969
2455837.37904
2455837.38479
2455839.323
2455839.394
2455846.276
2455846.293
2455846.297
2455846.339
2455804.257
2455804.265
2455804.278
2455804.297
2455804.373
2455806.299
2455806.493
2455807.254
2455807.315
2455807.334
2455807.365
2455807.367
2455807.377
2455807.43
2455813.251
2455813.282
2455813.307
2455813.308
2455814.263
2455815.295
2455815.406
2455815.426
2455816.261
2455816.322
2455816.393
2455820.384
2455820.42
2455820.438
2455821.27691
2455821.32478
2455821.35159
2455821.36881
2455821.39403
2455822.33362
2455822.35275
2455822.37763
2455822.39486
2455822.46376
2455834.37352
2455834.39649
2455834.41756
2455837.3216
2455837.32734
2455839.268
2455839.277
2455839.344
2455839.36
2455846.241
2455846.304
2455846.318
2455804.247
2455804.252
2455804.268
2455804.279
2455804.288
2455804.29
2455804.291
2455804.398
2455804.427
2455806.309
2455806.314
2455806.324
2455806.351
2455807.248
2455807.306
2455807.381
2455813.289
2455813.387
2455813.473
2455813.483
2455814.242
2455814.288
2455814.503
2455815.242
2455815.368
2455816.274
2455820.417
2455821.32095
2455821.42656
2455821.45718
2455822.4006
2455834.22784
2455834.23741
2455834.43096
2455837.23352
2455837.32543
2455837.40852
2455839.256
2455839.291
2455839.295
2455839.319
2455839.325
2455839.396
2455846.22
2455804.255
2455804.312
2455804.441
2455806.265
2455806.335
2455806.506
2455807.323
2455807.463
2455807.471
2455813.257
2455813.328
2455813.385
2455814.296
2455815.374
2455815.401
2455816.268
2455816.452
2455820.418
2455821.34775
2455821.42465
2455822.29535
2455822.39295
2455837.24309
2455839.333
2455846.232
2455846.266
2455846.329
2455804.281
2455804.305
2455804.362
2455804.399
2455804.439
2455806.286
2455806.313
2455806.339
2455806.462
2455807.281
2455807.319
2455807.405
2455807.459
2455807.478
2455813.262
2455813.429
2455813.437
2455814.298
2455814.472
2455815.345
2455815.424
2455815.493
2455820.371
2455820.465
2455821.28839
2455821.37647
2455821.46292
2455822.27813
2455822.40443
2455834.385
2455834.42713
2455834.43287
2455837.28904
2455839.331
2455846.291
2455846.31
2455846.324
2455804.25
2455804.301
2455804.326
2455804.34
2455806.28
2455806.311
2455806.32
2455806.353
2455806.355
2455806.372
2455806.412
2455807.275
2455807.302
2455807.428
2455807.432
2455813.391
2455814.262
2455815.261
2455815.27
2455815.362
2455816.284
2455816.316
2455816.42
2455816.441
2455821.47078
2455822.26281
2455822.40251
2455822.43696
2455822.46759
2455834.23167
2455834.29869
2455834.35436
2455839.346
2455839.367
2455846.283
2455846.316
2455804.266
2455804.364
2455804.43
2455804.494
2455806.433
2455806.472
2455807.241
2455807.283
2455813.255
2455813.303
2455813.368
2455815.253
2455815.303
2455815.37
2455816.309
2455816.32
2455816.341
2455816.387
2455816.41
2455821.30179
2455821.30946
2455821.35542
2455822.33936
2455822.34128
2455834.25081
2455837.3867
2455839.275
2455839.302
2455839.317
2455846.228
2455804.244
2455804.268
2455804.299
2455804.342
2455804.528
2455806.27
2455806.288
2455806.326
2455806.38
2455806.389
2455806.391
2455806.489
2455807.304
2455807.39
2455807.499
2455814.252
2455814.279
2455814.294
2455814.317
2455814.321
2455814.386
2455815.276
2455815.402
2455816.272
2455816.295
2455820.457
2455821.26734
2455822.3298
2455822.45802
2455834.38692
2455834.40032
2455837.27947
2455839.258
2455839.287
2455839.329
2455846.257
2455846.259
2455804.27
2455804.322
2455804.366
2455806.29
2455806.357
2455806.512
2455807.258
2455807.317
2455807.371
2455807.388
2455807.4
2455807.417
2455813.264
2455813.377
2455813.416
2455813.435
2455813.487
2455813.498
2455813.502
2455814.336
2455814.447
2455815.282
2455815.29
2455815.318
2455815.397
2455816.263
2455816.286
2455816.355
2455816.435
2455820.372
2455820.378
2455821.33052
2455821.4591
2455822.39677
2455834.22209
2455834.34096
2455839.308
2455839.321
2455839.373
2455839.398
2455846.216
2455846.249
2455804.271
2455804.289
2455804.53
2455806.259
2455806.33
2455806.427
2455806.51
2455807.273
2455807.309
2455807.363
2455807.398
2455807.448
2455814.265
2455814.307
2455814.311
2455814.323
2455814.344
2455814.399
2455814.426
2455815.278
2455815.291
2455815.332
2455815.427
2455816.303
2455820.446
2455821.3535
2455834.38883
2455834.42139
2455837.39244
2455839.279
2455839.283
2455839.354
2455846.224
2455846.264
2455846.326
2455804.272
2455806.295
2455806.297
2455813.274
2455813.381
2455813.408
2455813.465
2455814.35
2455814.438
2455815.454
2455815.508
2455820.452
2455822.3164
2455822.32405
2455839.249
2455839.272
2455839.404
2455846.237
2455846.287
2455804.367
2455806.347
2455806.399
2455807.277
2455807.404
2455807.44
2455813.297
2455813.356
2455813.379
2455814.235
2455814.422
2455814.428
2455815.297
2455815.324
2455816.333
2455816.339
2455816.389
2455820.374
2455821.32669
2455821.34584
2455839.3
2455839.371
2455846.226
2455804.241
2455804.256
2455806.253
2455806.257
2455806.274
2455806.345
2455807.444
2455807.505
2455813.295
2455813.31
2455813.37
2455813.393
2455814.281
2455814.453
2455815.255
2455815.265
2455815.28
2455815.316
2455815.335
2455815.433
2455815.45
2455815.5
2455816.437
2455820.386
2455822.25324
2455822.43888
2455822.45228
2455834.38309
2455839.298
2455806.305
2455806.378
2455807.256
2455807.286
2455807.3
2455807.327
2455807.402
2455807.446
2455813.245
2455814.394
2455814.403
2455816.418
2455837.39818
2455839.273
2455839.314
2455839.362
2455846.255
2455846.335
2455806.276
2455806.481
2455807.409
2455813.414
2455814.3
2455814.424
2455821.39786
2455834.39266
2455839.4
2455806.426
2455807.29
2455807.294
2455807.455
2455807.482
2455813.427
2455814.42
2455815.322
2455822.40634
2455839.365
2455846.239
2455806.261
2455807.336
2455807.461
2455814.464
2455815.314
2455815.356
2455815.364
2455815.512
2455816.289
2455816.391
2455822.39869
2455822.45419
2455839.27
2455804.323
2455813.431
2455813.494
2455815.267
2455815.274
2455815.343
2455846.262
2455804.245
2455807.34
2455807.384
2455807.426
2455814.244
2455815.358
2455807.411
2455807.467
2455813.36
2455815.284
2455816.412
2455820.376
2455806.485
2455807.501
2455814.325
2455814.418
2455806.251
2455807.296
2455807.329
2455814.355
2455815.481
2455815.491
2455839.264
2455839.285
2455846.285
2455807.382
2455807.325
2455807.507
2455813.364
2455813.464
2455814.267
2455814.302
2455806.284
2455807.469
2455814.25
2455807.285
2455821.46675
2455813.442
2455814.286
2455814.405
2455804.496
2455807.361
2455813.374
2455814.351
2455846.337
2455814.306
2455814.309
2455814.48
2455815.272
2455839.402
2455814.474
2455806.487
2455806.516
2455814.397
2455814.501
2455804.531
2455815.395
2455814.486
2455814.445
2455815.445
2455837.40392
2455815.502
2455822.47142
2455815.483
2455814.488
2455813.456
2455814.497

2455821.42848
2455834.31032

